#Field Tile Seq RA(hour) Dec(deg) Filter mean_Mag med_Mag mean_(B-R) med_(B-R)
#1 3444 614 5.02878 -69.171 B -5.912 -5.962 -0.335 -0.348
#MJD Mag Err
48823.477419 -6.081 0.156
48823.487014 -6.041 0.141
48823.496759 -6.046 0.167
48824.458206 -5.971 0.06
48824.467697 -5.901 0.055
48824.477639 -5.98 0.052
48825.483183 -6.024 0.042
48825.492847 -5.97 0.045
48825.502824 -6.059 0.041
48826.464630 -5.897 0.08
48826.491319 -5.925 0.07
48828.585961 -5.44 0.083
48828.656701 -5.735 0.06
48829.456285 -5.676 0.047
48829.584769 -5.775 0.111
48829.659965 -5.976 0.052
48831.461817 -5.696 0.276
48831.564722 -5.965 0.066
48831.638970 -6.018 0.027
48831.661551 -5.886 0.061
48832.459769 -5.903 0.069
48832.651250 -5.951 0.057
48833.569375 -5.943 0.087
48834.430926 -5.993 0.047
48834.515544 -6.012 0.036
48834.639225 -5.939 0.03
48835.571053 -6.049 0.066
48835.606296 -5.933 0.062
48836.522002 -5.859 0.289
48836.564236 -6.173 0.123
48841.441516 -6.059 0.08
48841.541134 -5.94 0.033
48842.458345 -5.97 0.116
48843.416875 -5.887 0.123
48843.562419 -5.458 0.092
48843.640150 -5.752 0.054
48845.452292 -6.156 0.214
48849.583600 -5.942 0.07
48849.659977 -5.779 0.096
48850.497442 -5.869 0.085
48851.481181 -6.016 0.079
48851.597650 -5.959 0.072
48853.645799 -6.01 0.05
48854.455266 -5.884 0.054
48854.557338 -5.889 0.033
48855.527002 -5.949 0.028
48855.579722 -6.033 0.025
48856.609769 -5.812 0.036
48882.423356 -5.953 0.037
48884.469873 -6.032 0.033
48885.437280 -6.001 0.023
48887.500475 -5.893 0.071
48888.555648 -5.622 0.049
48892.592604 -5.899 0.038
48894.561655 -6.013 0.053
48895.587106 -6.043 0.025
48896.589398 -5.925 0.031
48906.407998 -5.679 0.061
48907.393912 -5.856 0.066
48908.278576 -5.712 0.024
48909.397350 -5.931 0.085
48914.578090 -5.965 0.064
48915.430718 -5.904 0.081
48916.516921 -5.981 0.038
48917.352616 -5.886 0.025
48919.355104 -5.9 0.025
48919.441273 -5.646 0.05
48919.516227 -5.692 0.057
48919.599155 -6.039 0.06
48920.286863 -5.741 0.043
48923.513403 -5.987 0.026
48927.261887 -5.993 0.039
48928.290602 -6.086 0.026
48929.238299 -5.986 0.044
48929.449583 -6.027 0.023
48930.241771 -5.936 0.078
48931.239676 -6.02 0.035
48931.425579 -5.961 0.031
48933.393738 -5.874 0.035
48935.397870 -5.486 0.141
48937.405069 -5.776 0.256
48937.415289 -5.545 0.346
48937.438310 -6.109 0.057
48938.280475 -5.864 0.034
48939.296157 -5.995 0.033
48939.460255 -6.061 0.037
48941.356863 -6.003 0.034
48941.482870 -5.915 0.038
48947.395671 -5.982 0.065
48947.518785 -5.6 0.1
48948.477627 -5.567 0.036
48949.293924 -5.988 0.02
48964.443623 -5.77 0.073
48965.279294 -5.649 0.093
48965.417766 -5.751 0.065
48966.282199 -5.686 0.059
48966.397812 -5.871 0.056
48974.325278 -5.96 0.079
48984.276250 -6.01 0.031
48984.446505 -6.101 0.046
48985.303611 -5.985 0.026
48985.432188 -6.025 0.023
48985.497512 -6.027 0.026
48987.291701 -6.04 0.015
48987.420023 -6.033 0.025
48987.465058 -6.036 0.022
48988.279826 -5.993 0.031
48988.402917 -5.988 0.037
48988.421447 -6.02 0.037
48988.469595 -6.037 0.028
48989.301412 -6.082 0.031
48989.407870 -5.946 0.096
48995.312523 -5.657 0.62
48996.248657 -5.719 0.044
48996.362870 -5.734 0.06
48996.486991 -6.026 0.058
48998.250903 -5.912 0.022
48998.360602 -5.882 0.036
48998.445995 -6.038 0.038
49000.265278 -5.97 0.036
49000.443947 -6.042 0.208
49001.253808 -6.02 0.021
49001.445475 -6.005 0.037
49002.251262 -6.007 0.022
49003.347350 -5.959 0.042
49003.441377 -6.049 0.032
49004.244248 -5.989 0.024
49006.260463 -5.985 0.017
49006.444317 -5.939 0.051
49007.268877 -6.023 0.046
49007.429444 -5.792 0.035
49010.425671 -5.85 0.021
49011.340336 -5.74 0.071
49011.424340 -5.937 0.088
49014.447141 -6.003 0.052
49015.254190 -5.985 0.031
49015.379907 -6.023 0.034
49016.253032 -5.941 0.034
49016.408102 -6.039 0.033
49018.277998 -6.0 0.017
49018.406007 -6.004 0.023
49020.335648 -5.948 0.046
49020.518391 -5.893 0.051
49021.282940 -5.957 0.029
49021.399201 -5.922 0.032
49024.250046 -6.006 0.087
49025.282280 -5.571 0.057
49025.319271 -5.654 0.049
49025.496713 -5.916 0.091
49029.250660 -5.876 0.048
49031.271181 -6.053 0.053
49032.246528 -6.059 0.048
49032.364306 -6.103 0.041
49035.374618 -6.027 0.04
49036.452396 -5.94 0.064
49037.232407 -5.943 0.022
49037.462963 -5.649 0.047
49040.268785 -5.662 0.041
49042.251181 -5.827 0.033
49043.248750 -5.953 0.029
49043.350012 -6.005 0.036
49044.258819 -5.819 0.049
49044.414271 -5.994 0.077
49045.232731 -5.974 0.024
49045.338785 -6.013 0.027
49046.389850 -5.94 0.108
49048.229363 -6.0 0.051
49048.332280 -6.023 0.039
49049.245069 -6.063 0.054
49049.387176 -6.022 0.05
49050.392720 -5.993 0.055
49051.225023 -6.003 0.038
49053.335023 -5.765 0.073
49055.464051 -6.019 0.095
49059.226759 -5.893 0.022
49059.364062 -6.006 0.038
49060.209271 -5.976 0.022
49061.212512 -5.988 0.024
49061.393819 -6.012 0.045
49062.210440 -5.975 0.031
49064.309491 -6.023 0.024
49064.441875 -5.972 0.036
49065.281354 -5.986 0.023
49065.430405 -5.971 0.029
49067.204433 -5.99 0.037
49067.351377 -5.935 0.047
49068.266458 -5.99 0.019
49069.206516 -5.946 0.033
49069.361713 -5.646 0.029
49073.203194 -6.028 0.034
49073.251632 -5.955 0.047
49074.196262 -5.95 0.039
49074.339745 -6.005 0.055
49075.188310 -6.01 0.041
49075.448090 -5.99 0.088
49076.242361 -6.025 0.036
49076.387222 -5.981 0.052
49077.232465 -6.039 0.048
49078.442245 -5.982 0.085
49080.298634 -6.014 0.036
49082.309687 -6.253 0.115
49083.215868 -5.814 0.13
49083.354572 -5.365 0.405
49084.280440 -5.887 0.057
49085.258530 -5.657 0.071
49086.265081 -5.744 0.063
49087.383310 -5.869 0.048
49088.280162 -5.97 0.025
49089.281400 -5.988 0.017
49092.330544 -6.024 0.045
49093.223565 -5.985 0.041
49094.226528 -6.059 0.021
49095.225602 -6.088 0.053
49096.226632 -6.079 0.018
49096.333750 -5.985 0.027
49097.228866 -5.983 0.024
49097.356169 -5.917 0.043
49098.226632 -6.002 0.021
49098.328310 -5.808 0.034
49099.215880 -5.984 0.019
49099.317222 -5.727 0.033
49099.323322 -5.709 0.034
49100.213438 -5.837 0.031
49100.320995 -5.526 0.042
49101.228738 -5.636 0.033
49103.225185 -5.889 0.029
49104.379931 -5.906 0.038
49106.305926 -5.965 0.038
49107.243252 -6.014 0.034
49107.376262 -5.926 0.048
49108.227778 -6.002 0.029
49109.278333 -5.988 0.107
49111.288623 -6.098 0.101
49112.234387 -5.943 0.037
49114.218519 -5.941 0.043
49115.374687 -5.681 0.082
49117.226979 -5.684 0.051
49118.203102 -5.834 0.066
49120.209595 -5.987 0.045
49122.229838 -5.889 0.092
49123.209919 -5.987 0.039
49124.208958 -6.005 0.031
49125.204271 -5.977 0.028
49126.204977 -6.027 0.029
49127.213438 -6.016 0.027
49130.247743 -5.769 0.082
49132.331933 -5.979 0.103
49133.267049 -5.874 0.033
49134.211620 -6.003 0.028
49134.663275 -6.007 0.033
49135.192882 -5.996 0.025
49140.198843 -5.841 0.167
49140.621620 -5.674 0.097
49141.622037 -5.776 0.102
49142.605845 -5.993 0.172
49143.202905 -5.979 0.057
49143.606806 -6.014 0.098
49144.624734 -5.911 0.08
49145.193484 -5.981 0.272
49145.607303 -5.633 0.334
49146.192257 -5.609 0.105
49151.608009 -5.893 0.21
49152.191817 -6.003 0.034
49152.604005 -6.002 0.044
49153.200359 -6.022 0.037
49154.197581 -6.043 0.078
49155.230023 -5.826 0.162
49156.198750 -5.968 0.045
49161.190845 -5.803 0.484
49161.607766 -6.06 0.063
49162.232975 -5.798 0.073
49162.580833 -5.966 0.073
49163.195116 -5.941 0.042
49163.602130 -5.987 0.047
49163.615428 -6.0 0.038
49164.193785 -5.85 0.059
49164.588530 -5.968 0.059
49165.244491 -5.932 0.121
49165.565984 -6.107 0.066
49167.678912 -5.753 0.143
49169.193021 -6.069 0.245
49169.204699 -6.038 0.08
49169.604664 -5.662 0.067
49171.584884 -5.676 0.191
49172.190266 -5.986 0.073
49176.199873 -5.501 0.107
49178.587569 -6.001 0.04
49179.548056 -6.025 0.048
49180.197106 -6.02 0.056
49181.506146 -5.984 0.081
49181.661898 -6.018 0.021
49182.601771 -5.914 0.055
49183.495266 -5.982 0.135
49183.656319 -5.776 0.067
49184.488773 -5.95 0.058
49185.500185 -5.811 0.046
49186.510347 -5.532 0.135
49186.600104 -5.826 0.068
49188.483866 -5.808 0.071
49189.492315 -6.02 0.051
49194.506377 -5.931 0.058
49194.670336 -6.011 0.037
49195.455972 -6.045 0.052
49196.490359 -5.964 0.069
49199.517847 -5.905 0.06
49201.453681 -5.897 0.344
49203.474479 -5.787 0.092
49203.668773 -6.092 0.048
49204.473090 -5.922 0.054
49208.461794 -5.954 0.081
49208.663611 -5.994 0.043
49209.440972 -6.065 0.075
49209.666782 -5.828 0.15
49210.459005 -5.991 0.054
49210.664479 -5.81 0.096
49211.490463 -5.949 0.041
49212.603762 -5.839 0.17
49214.593079 -5.666 0.363
49215.431887 -5.965 0.144
49215.650972 -5.92 0.072
49216.418785 -5.845 0.311
49216.657535 -6.046 0.06
49217.427801 -5.626 0.033
49218.417963 -5.639 0.051
49218.659664 -5.774 0.084
49219.434456 -5.866 0.12
49220.525185 -5.791 0.148
49220.648924 -6.052 0.079
49221.414838 -6.048 0.061
49222.399861 -5.933 0.031
49223.401736 -5.997 0.048
49224.387338 -5.892 0.071
49225.607593 -5.969 0.041
49233.381319 -5.613 0.192
49233.412257 -5.533 0.16
49252.368484 -5.996 0.029
49253.374977 -5.978 0.045
49254.430914 -5.994 0.025
49255.348565 -6.0 0.046
49255.614815 -5.981 0.04
49256.361285 -5.939 0.03
49256.608831 -6.015 0.033
49257.357060 -6.019 0.025
49257.611551 -5.926 0.021
49258.316123 -6.026 0.076
49258.536470 -5.944 0.033
49259.520359 -5.848 0.051
49260.341319 -5.926 0.053
49264.530856 -6.054 0.06
49265.316053 -5.747 0.063
49265.610845 -5.942 0.047
49266.396713 -5.986 0.03
49267.412257 -5.98 0.046
49267.606597 -6.046 0.05
49268.371898 -6.044 0.035
49268.599132 -5.981 0.028
49269.411806 -6.031 0.07
49270.374954 -6.04 0.066
49270.612002 -6.1 0.089
49272.406273 -5.975 0.025
49273.289282 -5.951 0.04
49273.599676 -5.763 0.033
49276.557940 -5.808 0.033
49277.446852 -5.691 0.032
49279.537894 -6.032 0.038
49280.495324 -5.955 0.055
49282.344294 -5.983 0.026
49283.271343 -5.978 0.031
49283.588044 -6.058 0.024
49285.468495 -5.945 0.102
49286.282083 -6.053 0.046
49287.361389 -6.009 0.044
49287.594653 -5.72 0.141
49289.366065 -6.002 0.049
49290.569097 -5.847 0.082
49291.256968 -5.98 0.054
49291.529572 -5.908 0.054
49302.360058 -6.022 0.022
49302.524537 -5.926 0.036
49303.214641 -5.994 0.03
49307.291134 -5.774 0.025
49309.253981 -5.741 0.026
49311.303021 -5.929 0.042
49311.513090 -6.03 0.041
49312.315012 -6.028 0.025
49312.508600 -6.064 0.023
49313.270556 -5.952 0.048
49313.509491 -6.062 0.029
49314.242569 -6.061 0.068
49315.268507 -6.058 0.028
49317.270243 -6.029 0.019
49317.511134 -5.983 0.034
49318.402569 -6.003 0.059
49318.523958 -5.756 0.087
49372.256748 -6.005 0.022
49374.409468 -6.098 0.05
49374.424398 -6.064 0.036
49375.265961 -6.023 0.039
49375.550532 -6.008 0.042
49376.287199 -5.993 0.03
49376.530208 -5.929 0.035
49377.539826 -5.712 0.075
49378.241701 -5.833 0.094
49378.537002 -5.576 0.134
49379.497731 -5.929 0.48
49380.243715 -5.87 0.042
49382.543912 -6.154 0.119
49384.476840 -6.071 0.093
49386.266238 -5.977 0.039
49388.379086 -6.006 0.052
49389.509606 -5.988 0.039
49390.256655 -6.006 0.035
49390.556100 -5.894 0.081
49392.520521 -5.718 0.091
49396.363148 -5.581 0.087
49398.232836 -5.605 0.02
49399.237361 -5.805 0.044
49399.539329 -5.935 0.047
49400.256956 -6.021 0.041
49404.401181 -6.031 0.025
49405.327766 -6.023 0.026
49408.450833 -5.828 0.135
49409.365417 -5.85 0.084
49411.460451 -5.894 0.25
49412.112350 -5.815 0.041
49413.230787 -5.57 0.026
49414.246736 -5.833 0.032
49415.230278 -5.962 0.022
49416.222951 -6.008 0.019
49417.228715 -5.997 0.032
49423.211713 -5.93 0.071
49425.357882 -5.692 0.056
49426.216516 -5.917 0.027
49428.480799 -6.066 0.071
49429.337905 -6.008 0.018
49432.217963 -5.998 0.034
49434.301875 -6.063 0.033
49435.439051 -6.105 0.096
49436.288912 -6.043 0.05
49437.456065 -5.855 0.11
49438.326725 -5.917 0.057
49441.428808 -5.98 0.129
49444.382685 -5.904 0.109
49446.339815 -6.011 0.031
49447.407581 -6.007 0.03
49448.300833 -6.058 0.068
49449.327685 -6.05 0.049
49449.344329 -5.993 0.058
49450.315822 -6.012 0.032
49451.309074 -6.059 0.047
49451.322396 -5.966 0.03
49452.353067 -5.999 0.046
49455.287894 -5.995 0.074
49456.433009 -5.767 0.054
49457.290833 -5.641 0.035
49458.253206 -5.602 0.03
49460.286088 -6.02 0.033
49461.300255 -5.991 0.024
49462.274491 -5.953 0.04
49463.273935 -5.937 0.042
49463.328565 -5.986 0.035
49464.274375 -5.984 0.081
49464.287650 -6.074 0.068
49465.284595 -5.997 0.037
49467.327743 -5.963 0.112
49469.384838 -5.914 0.133
49470.390914 -5.534 0.159
49471.288067 -5.683 0.046
49472.338299 -5.714 0.055
49473.357187 -5.923 0.031
49478.281088 -5.971 0.02
49479.214225 -5.991 0.023
49481.326343 -5.995 0.038
49483.299688 -5.981 0.035
49484.203727 -6.005 0.02
49485.270174 -5.954 0.032
49486.261991 -5.883 0.106
49487.295451 -5.672 0.047
49487.657442 -5.978 0.032
49488.281262 -5.783 0.051
49488.648333 -6.021 0.152
49489.244907 -5.856 0.051
49491.638252 -6.038 0.068
49492.288900 -6.065 0.085
49493.255729 -6.399 0.266
49493.632824 -6.236 0.146
49494.640451 -5.919 0.043
49496.246551 -6.08 0.113
49496.634977 -5.795 0.158
49498.273183 -5.947 0.2
49500.238032 -6.145 0.202
49500.662118 -6.13 0.052
49505.290949 -5.902 0.045
49509.242558 -5.823 0.062
49511.603032 -5.686 0.122
49512.237396 -5.948 0.069
49512.597743 -5.564 0.106
49513.232963 -6.046 0.05
49513.642245 -5.965 0.032
49514.224502 -5.947 0.04
49516.235116 -5.791 0.061
49517.563102 -5.936 0.085
49518.222025 -5.872 0.234
49518.574329 -6.069 0.08
49518.584155 -5.931 0.151
49519.195359 -5.921 0.078
49519.233600 -5.793 0.084
49520.580926 -6.065 0.11
49521.659954 -5.989 0.054
49522.590336 -5.993 0.04
49525.245012 -6.008 0.115
49525.618044 -5.766 0.09
49526.207558 -5.944 0.129
49527.215023 -6.254 0.182
49530.221944 -5.939 0.076
49530.650521 -5.957 0.054
49531.571065 -5.866 0.044
49532.192106 -5.76 0.07
49532.643148 -6.026 0.033
49533.197697 -5.29 0.111
49534.198495 -5.877 0.177
49534.609757 -5.947 0.072
49535.210289 -5.791 0.085
49535.666181 -5.954 0.023
49536.199201 -5.973 0.102
49537.200174 -5.998 0.061
49537.653044 -6.086 0.119
49538.208611 -6.016 0.099
49538.613183 -6.0 0.063
49539.619271 -5.91 0.056
49540.202650 -6.068 0.088
49540.600035 -5.805 0.066
49541.607407 -5.657 0.032
49542.210104 -5.947 0.027
49545.505961 -5.959 0.05
49546.504340 -6.007 0.065
49546.664780 -6.023 0.034
49547.199248 -5.689 0.071
49548.191667 -4.003 2.351
49549.181597 -5.495 0.151
49550.187488 -5.871 0.051
49550.642002 -5.99 0.048
49551.620637 -6.015 0.02
49552.179109 -6.109 0.095
49552.672813 -5.979 0.021
49553.463125 -6.034 0.104
49554.474803 -6.007 0.083
49554.670185 -5.78 0.049
49555.511400 -6.065 0.131
49555.650775 -5.735 0.114
49556.515694 -5.824 0.073
49556.652164 -5.594 0.065
49557.598368 -5.609 0.091
49558.548252 -5.724 0.15
49559.483356 -5.56 0.138
49559.660023 -5.941 0.032
49560.529965 -6.127 0.271
49560.669664 -6.235 0.167
49561.540579 -6.002 0.052
49562.571782 -5.952 0.033
49566.465613 -6.004 0.071
49566.651667 -6.005 0.026
49567.502662 -6.029 0.025
49567.658750 -5.95 0.028
49568.540208 -5.991 0.044
49568.655775 -5.966 0.069
49569.508345 -5.947 0.026
49569.658021 -5.736 0.035
49571.472593 -5.971 0.055
49571.659850 -5.793 0.088
49572.479294 -6.351 0.121
49572.492743 -5.615 0.116
49572.655312 -5.87 0.047
49573.470069 -5.659 0.063
49574.470880 -6.012 0.027
49574.506725 -5.811 0.017
49574.656053 -5.262 0.896
49577.450046 -5.967 0.055
49577.640810 -5.992 0.043
49578.462928 -5.967 0.035
49578.640104 -5.963 0.022
49579.471620 -5.981 0.026
49579.635313 -6.017 0.014
49580.427720 -5.94 0.032
49580.644201 -6.005 0.029
49581.586944 -5.947 0.041
49585.457824 -5.966 0.089
49585.651019 -5.677 0.175
49586.463229 -5.962 0.133
49586.641620 -5.729 0.157
49587.461227 -5.786 0.098
49588.497789 -5.623 0.06
49588.654178 -5.926 0.076
49589.427639 -5.54 0.047
49589.501157 -5.781 0.033
49590.435660 -5.805 0.029
49590.620000 -5.941 0.025
49591.458102 -5.955 0.033
49591.641875 -6.007 0.064
49592.427187 -5.897 0.058
49595.463808 -6.008 0.041
49595.642350 -5.995 0.053
49596.456875 -6.035 0.02
49596.636933 -5.962 0.017
49597.525046 -5.989 0.022
49597.629317 -5.985 0.014
49598.488704 -5.93 0.045
49598.624178 -5.942 0.032
49599.492442 -5.952 0.053
49601.566019 -5.703 0.065
49602.448519 -5.624 0.048
49604.465787 -5.687 0.025
49604.630417 -5.942 0.025
49605.454722 -5.876 0.026
49605.627824 -5.969 0.018
49606.458333 -5.933 0.024
49606.610521 -6.013 0.04
49607.334745 -5.856 0.128
49607.618125 -6.039 0.051
49608.459375 -6.064 0.062
49608.616632 -6.004 0.043
49609.485799 -5.997 0.05
49609.619236 -6.032 0.046
49610.439560 -6.013 0.077
49610.618704 -5.967 0.042
49611.445440 -6.085 0.143
49611.621991 -6.08 0.104
49612.442604 -5.877 0.104
49613.617975 -5.945 0.048
49614.445602 -5.634 0.461
49614.618947 -6.33 0.481
49616.469907 -5.838 0.053
49616.617940 -5.655 0.195
49617.424745 -5.713 0.112
49617.617789 -6.13 0.114
49618.422975 -5.628 0.078
49618.619919 -5.959 0.055
49619.421725 -4.133 1.26
49619.616574 -5.989 0.053
49620.455741 -5.93 0.023
49620.616505 -5.972 0.033
49621.566123 -5.941 0.057
49622.454387 -6.068 0.089
49623.453935 -5.977 0.052
49624.619896 -6.059 0.06
49625.435903 -5.86 0.029
49625.613553 -5.976 0.034
49627.442859 -5.93 0.044
49628.494780 -5.859 0.036
49629.496192 -5.978 0.058
49629.605856 -5.885 0.04
49630.418403 -5.955 0.021
49630.604537 -5.59 0.027
49633.364213 -5.881 0.033
49634.353623 -5.596 0.041
49634.591933 -6.006 0.027
49635.423981 -5.785 0.048
49635.607789 -6.065 0.062
49636.394769 -5.856 0.065
49637.476331 -5.926 0.022
49638.451065 -5.994 0.033
49639.399329 -5.982 0.02
49639.606829 -5.985 0.032
49640.433588 -6.023 0.022
49640.596285 -5.993 0.021
49641.543287 -6.014 0.022
49642.343148 -6.037 0.039
49645.324005 -5.99 0.07
49647.533079 -5.577 0.047
49648.334387 -5.914 0.034
49648.589965 -5.98 0.018
49649.330694 -5.642 0.116
49649.586840 -5.961 0.017
49653.393981 -5.975 0.039
49654.359919 -5.947 0.058
49660.436725 -5.96 0.03
49664.478218 -5.906 0.031
49665.333646 -5.78 0.03
49666.287361 -5.8 0.037
49667.415822 -5.981 0.031
49670.306794 -5.972 0.044
49671.266678 -5.916 0.079
49672.243854 -5.977 0.04
49673.356007 -6.034 0.046
49673.481690 -5.935 0.026
49674.490833 -5.799 0.085
49676.306979 -6.011 0.055
49681.291910 -5.843 0.021
49682.310359 -5.951 0.03
49687.295926 -6.095 0.092
49688.308090 -5.923 0.034
49689.372025 -5.995 0.028
49690.299375 -6.003 0.013
49691.344016 -5.953 0.013
49692.365949 -5.759 0.014
49693.317627 -5.781 0.017
49695.347037 -5.901 0.043
49696.342384 -5.97 0.024
49697.362593 -5.993 0.013
49698.467141 -5.985 0.026
49699.478530 -6.421 0.076
49700.309792 -6.142 0.07
49702.322581 -6.097 0.04
49703.392674 -6.013 0.043
49704.317535 -6.02 0.056
49705.339502 -6.124 0.09
49705.381458 -5.905 0.052
49715.276400 -5.944 0.055
49717.429815 -6.009 0.021
49723.303125 -5.762 0.033
49727.280833 -5.958 0.03
49729.475058 -6.024 0.019
49730.329653 -6.053 0.029
49732.508889 -5.895 0.036
49737.520671 -5.864 0.05
49751.309734 -5.98 0.018
49752.434282 -5.593 0.052
49752.438715 -5.565 0.052
49754.320255 -5.656 0.054
49755.426343 -5.992 0.015
49759.362188 -6.009 0.026
49760.535625 -5.972 0.043
49762.349618 -5.995 0.043
49764.477836 -5.687 0.122
49767.386921 -5.472 0.094
49784.294896 -5.652 0.035
49786.473310 -6.003 0.063
49788.369051 -6.155 0.057
49790.274769 -5.929 0.037
49791.472581 -5.749 0.158
49795.273681 -6.0 0.038
49797.287639 -5.866 0.025
49799.260035 -5.567 0.032
49800.352014 -5.988 0.039
49801.293773 -5.981 0.034
49802.436806 -6.001 0.031
49804.255150 -6.112 0.038
49806.268449 -6.034 0.021
49808.265012 -6.044 0.022
49809.331019 -6.055 0.038
49809.367338 -5.988 0.026
49810.328356 -5.988 0.022
49819.314769 -5.863 0.076
49824.290324 -6.013 0.071
49826.328391 -5.947 0.046
49828.382072 -5.656 0.035
49831.292546 -5.961 0.049
49833.336343 -5.83 0.114
49835.324109 -5.992 0.021
49842.328206 -5.739 0.08
49851.351447 -6.054 0.115
49856.293715 -5.834 0.046
49858.287211 -5.683 0.052
49862.251817 -6.016 0.064
49864.260347 -5.986 0.082
49866.208947 -6.023 0.022
49868.303241 -5.93 0.043
49872.268044 -5.855 0.029
49874.236389 -5.579 0.163
49875.198843 -5.496 0.077
49879.237558 -5.656 0.298
49880.200972 -6.138 0.133
49880.211192 -6.023 0.247
49883.671562 -5.628 0.074
49885.215278 -5.948 0.064
49887.203692 -5.969 0.039
49889.193889 -5.66 0.083
49890.206632 -5.626 0.035
49891.201134 -5.802 0.025
49895.186968 -5.964 0.038
49901.667627 -5.965 0.021
49902.200764 -5.997 0.082
49905.641829 -6.029 0.03
49907.633657 -5.875 0.05
49912.645428 -5.625 0.125
49916.661736 -5.948 0.062
49917.610382 -6.002 0.049
49921.552639 -5.873 0.128
49927.471157 -6.033 0.056
49929.560000 -5.645 0.072
49931.629039 -5.925 0.055
49933.468576 -5.984 0.027
49935.583218 -5.934 0.053
49936.571076 -6.018 0.043
49937.586053 -6.067 0.078
49938.456979 -5.978 0.103
49939.483796 -6.05 0.047
49940.621991 -5.98 0.041
49941.465301 -6.027 0.047
49942.537986 -5.867 0.023
49943.530891 -5.758 0.035
49944.553102 -5.605 0.055
49945.536076 -5.897 0.109
49946.622500 -5.897 0.057
49948.572234 -5.923 0.064
49949.429433 -5.968 0.039
49951.449595 -5.939 0.076
49952.529676 -6.01 0.022
49953.446400 -5.984 0.036
49954.534132 -5.927 0.068
49955.621678 -5.932 0.069
49957.399525 -5.984 0.026
49958.651366 -5.858 0.113
49961.412928 -5.686 0.048
49963.594375 -6.069 0.06
49965.458472 -6.122 0.124
49966.511157 -5.966 0.032
49967.406146 -6.025 0.053
49969.372153 -5.858 0.071
49970.369016 -5.904 0.067
49971.638762 -5.62 0.042
49972.382523 -6.038 0.031
49973.617662 -5.507 0.1
49974.585220 -5.821 0.027
49980.410174 -6.003 0.06
49982.345081 -5.995 0.041
49986.396597 -6.006 0.029
49987.355741 -5.963 0.019
49994.384502 -5.971 0.035
49994.591169 -5.946 0.035
49995.560822 -6.048 0.038
49996.418924 -5.975 0.036
49997.475694 -6.042 0.158
49998.499271 -6.048 0.032
50003.433958 -5.911 0.07
50005.414317 -5.607 0.03
50006.400417 -5.68 0.029
50007.482419 -5.893 0.045
50013.367569 -6.01 0.033
50015.336262 -6.564 0.373
50019.431563 -5.595 0.044
50021.427106 -5.927 0.041
50022.459444 -5.962 0.051
50029.303681 -5.985 0.094
50031.323218 -6.019 0.667
50031.341771 -5.998 0.092
50033.305185 -6.007 0.027
50038.379792 -5.984 0.017
50038.497442 -6.007 0.023
50045.364687 -5.98 0.031
50046.350023 -5.994 0.046
50047.425162 -5.938 0.051
50048.404525 -5.803 0.033
50054.307326 -5.943 0.039
50057.329583 -5.877 0.089
50058.341435 -5.954 0.037
50061.340069 -5.972 0.037
50063.310532 -5.948 0.036
50066.343727 -5.767 0.019
50071.280058 -5.981 0.015
50072.342384 -6.083 0.039
50074.310822 -6.089 0.026
50077.381400 -5.956 0.013
50078.515613 -5.615 0.069
50083.485405 -6.011 0.018
50086.480208 -5.986 0.03
50088.326250 -6.011 0.018
50089.320174 -5.991 0.026
50091.352442 -5.792 0.16
50091.397766 -5.975 0.021
50093.512593 -5.636 0.039
50095.346123 -5.583 0.031
50099.458773 -6.071 0.046
50105.323831 -5.98 0.033
50107.329479 -6.016 0.014
50108.356007 -5.883 0.022
50109.362998 -5.694 0.025
50123.307986 -5.957 0.029
50125.517789 -6.129 0.082
50126.339803 -5.834 0.026
50127.343715 -5.977 0.027
50128.352269 -6.024 0.03
50131.314109 -6.008 0.023
50132.249456 -6.004 0.027
50134.240949 -5.976 0.039
50135.300590 -6.058 0.083
50138.397245 -5.67 0.042
50141.267280 -5.61 0.043
50143.336204 -5.934 0.036
50145.292014 -5.875 0.073
50151.274560 -5.979 0.028
50153.498495 -5.705 0.107
50155.336852 -5.595 0.044
50157.245428 -5.717 0.037
50159.314051 -5.984 0.044
50160.455382 -5.951 0.036
50161.319803 -6.029 0.028
50163.446620 -5.973 0.188
50163.467535 -5.835 0.086
50166.276088 -4.789 1.938
50168.422315 -5.452 0.06
50172.299282 -5.999 0.165
50173.382072 -5.868 0.06
50174.279016 -5.905 0.09
50176.409421 -6.394 0.268
50178.244861 -6.059 0.053
50179.288715 -5.96 0.055
50181.312083 -5.973 0.038
50185.270475 -5.668 0.046
50188.239896 -5.977 0.338
50188.266053 -5.864 0.06
50192.244792 -6.016 0.022
50193.349062 -6.06 0.026
50196.300278 -5.978 0.054
50197.358611 -6.027 0.06
50198.390197 -5.684 0.082
50200.270116 -5.732 0.072
50201.280880 -5.621 0.042
50202.254954 -5.64 0.071
50206.249109 -5.955 0.051
50209.362813 -5.573 0.265
50210.318542 -5.967 0.085
50212.231898 -6.017 0.024
50214.258067 -5.929 0.032
50216.245035 -5.713 0.055
50218.199711 -5.827 0.022
50219.236481 -5.937 0.034
50220.289259 -5.965 0.031
50223.291979 -6.035 0.043
50224.235451 -5.96 0.04
50227.203125 -6.03 0.031
50228.302199 -5.87 0.033
50230.277940 -5.58 0.132
50232.201725 -5.583 0.034
50234.212326 -5.845 0.045
50236.199213 -6.001 0.038
50238.242813 -5.834 0.259
50239.614225 -5.824 0.102
50241.260579 -6.007 0.089
50243.202442 -5.945 0.028
50245.194595 -5.841 0.036
50247.207963 -5.672 0.041
50254.197720 -6.039 0.031
50255.191829 -5.995 0.033
50258.225255 -5.866 0.07
50263.606863 -6.052 0.044
50266.193657 -5.86 0.244
50267.202454 -5.995 0.024
50271.583623 -5.872 0.065
50271.673738 -5.899 0.037
50276.586620 -6.062 0.028
50276.630868 -6.152 0.098
50278.531366 -6.008 0.041
50296.587257 -5.901 0.079
50297.571493 -5.88 0.072
50300.485880 -5.857 0.12
50301.640856 -5.923 0.051
50302.494236 -5.645 0.074
50303.644375 -5.919 0.048
50304.540035 -5.682 0.053
50305.650058 -6.012 0.034
50307.474398 -5.975 0.047
50308.553322 -6.058 0.048
50310.596296 -5.961 0.032
50311.551829 -5.986 0.061
50315.522326 -5.69 0.027
50319.613287 -6.014 0.023
50320.650660 -5.979 0.048
50322.451262 -6.115 0.088
50327.576736 -6.036 0.078
50329.582963 -5.618 0.059
50333.468056 -5.826 0.059
50333.502755 -6.12 0.111
50335.508542 -5.881 0.029
50340.602083 -5.931 0.04
50341.470532 -5.947 0.046
50341.510822 -5.988 0.034
50346.553021 -5.793 0.079
50348.359016 -5.989 0.123
50349.473646 -5.922 0.027
50350.439861 -5.938 0.044
50352.399074 -6.025 0.105
50353.335069 -5.998 0.043
50359.408993 -5.983 0.021
50360.436030 -5.914 0.024
50364.327083 -5.658 0.068
50364.587326 -5.926 0.039
50366.428958 -5.906 0.025
50368.368183 -5.976 0.072
50369.388970 -5.987 0.012
50370.372407 -5.967 0.022
50371.355532 -5.97 0.019
50374.373229 -5.965 0.026
50376.353032 -5.762 0.065
50376.594803 -5.891 0.037
50377.381829 -5.777 0.022
50379.399294 -5.886 0.024
50380.354086 -5.888 0.081
50384.385729 -5.957 0.047
50385.436146 -6.011 0.036
50385.440567 -6.03 0.035
50389.284641 -5.979 0.024
50394.528287 -5.957 0.023
50395.369919 -5.92 0.022
50396.480567 -6.03 0.023
50397.426898 -6.095 0.04
50399.438160 -6.005 0.043
50401.424722 -5.959 0.035
50405.291933 -5.969 0.023
50406.291273 -5.927 0.019
50406.524664 -5.889 0.024
50407.324433 -5.693 0.045
50409.296065 -5.746 0.051
50410.372743 -5.916 0.041
50411.374387 -5.969 0.027
50416.480475 -5.967 0.043
50417.500150 -5.943 0.046
50419.286921 -6.011 0.045
50419.342755 -5.93 0.029
50420.339109 -5.904 0.024
50422.451030 -5.838 0.024
50424.297419 -5.716 0.042
50425.490440 -5.887 0.024
50426.336042 -5.978 0.015
50428.412616 -5.972 0.027
50429.480602 -5.972 0.047
50431.318646 -5.967 0.025
50432.347211 -6.001 0.034
50433.359468 -5.937 0.054
50435.366921 -5.879 0.021
50436.396134 -5.543 0.052
50437.320799 -5.608 0.046
50438.360868 -5.809 0.056
50439.497558 -5.98 0.053
50440.480891 -5.989 0.047
50445.365509 -6.035 0.026
50448.336030 -6.039 0.025
50450.458762 -5.652 0.023
50451.391343 -5.515 0.023
50452.340521 -5.633 0.025
50453.373067 -5.925 0.036
50455.452361 -6.025 0.027
50456.500046 -5.974 0.032
50461.299549 -5.972 0.02
50461.535833 -5.967 0.034
50462.302488 -5.997 0.059
50463.472153 -5.869 0.029
50465.305139 -5.965 0.027
50467.323681 -5.674 0.051
50468.344491 -5.898 0.053
50469.408970 -6.016 0.038
50470.411042 -6.009 0.044
50478.498310 -5.774 0.04
50479.433819 -5.73 0.034
50484.352130 -5.989 0.017
50494.329028 -5.998 0.029
50496.514259 -6.145 0.116
50498.539155 -6.293 0.027
50507.490069 -5.859 0.053
50518.410347 -6.004 0.026
50521.387917 -5.98 0.037
50526.330162 -5.681 0.083
50530.255451 -5.941 0.046
50533.408461 -5.949 0.049
50539.275775 -5.968 0.025
50542.316042 -5.715 0.075
50545.430532 -6.173 0.176
50550.380035 -5.949 0.025
50553.321644 -5.94 0.037
50557.408414 -5.913 0.073
50565.345486 -5.969 0.03
50569.384248 -5.833 0.041
50577.265220 -5.986 0.076
50581.266956 -5.975 0.027
50595.265914 -6.028 0.041
50601.268542 -5.751 0.042
50607.641435 -5.979 0.027
50614.629676 -5.969 0.059
50620.210775 -5.744 0.1
50633.206493 -5.597 0.826
50639.547373 -5.972 0.046
50642.505359 -5.662 0.052
50647.565370 -5.941 0.046
50656.612465 -5.678 0.061
50659.485463 -5.649 0.031
50661.623356 -6.048 0.058
50669.503750 -5.947 0.024
50670.656597 -5.509 0.116
50675.471111 -5.44 0.365
50679.422627 -5.987 0.057
50680.600741 -5.989 0.023
50682.453773 -6.003 0.06
50684.616181 -5.851 0.141
50689.564086 -5.968 0.022
50701.557454 -5.658 0.02
50704.541470 -5.948 0.022
50714.465521 -5.935 0.027
50717.550937 -5.592 0.025
50719.490475 -5.831 0.036
50721.385764 -5.824 0.022
50722.513032 -5.942 0.039
50725.332940 -5.929 0.042
50730.411238 -5.947 0.017
50731.536539 -5.669 0.083
50733.405359 -5.686 0.065
50734.501377 -5.77 0.068
50736.366435 -6.158 0.133
50737.431053 -5.974 0.089
50739.340683 -6.074 0.07
50742.305613 -6.006 0.035
50744.511667 -5.933 0.032
50746.385914 -5.951 0.025
50748.359039 -5.56 0.063
50767.318912 -5.979 0.024
50769.392164 -5.998 0.029
50771.453843 -5.988 0.022
50775.478056 -5.832 0.063
50785.319896 -5.921 0.03
50796.309884 -5.913 0.027
50797.504873 -5.971 0.029
50803.477662 -6.029 0.038
50808.316435 -5.743 0.071
50812.365208 -5.952 0.021
50818.524225 -5.972 0.029
50830.423889 -6.004 0.046
50834.465984 -5.987 0.024
50836.520093 -5.584 0.144
50841.308993 -5.973 0.014
50844.391319 -6.005 0.017
50848.471030 -6.004 0.032
50857.276134 -5.976 0.059
50861.275729 -6.048 0.014
50862.497905 -5.911 0.033
50864.528194 -5.702 0.062
50866.442153 -5.673 0.108
50869.264606 -5.675 0.048
50874.390394 -6.045 0.031
50879.263310 -5.966 0.033
50881.333692 -5.926 0.032
50884.401551 -5.953 0.075
50908.335185 -5.991 0.024
50916.398079 -5.835 0.218
50921.386609 -6.001 0.06
50941.192546 -5.986 0.053
50951.300787 -5.909 0.068
50982.182905 -6.014 0.032
50994.631030 -5.972 0.047
51000.587037 -5.817 0.03
51005.552847 -6.01 0.064
51017.536748 -5.964 0.043
51028.466447 -5.906 0.054
51033.648148 -5.961 0.039
51047.619815 -5.885 0.031
51051.538252 -5.943 0.033
51056.406933 -5.967 0.043
51061.467326 -5.92 0.068
51072.414873 -6.013 0.049
51073.585567 -5.566 0.046
51082.594711 -5.985 0.021
51085.362014 -6.028 0.066
51086.581412 -5.843 0.093
51089.466771 -5.635 0.1
51097.459722 -5.772 0.187
51099.576968 -6.035 0.112
51102.371123 -5.969 0.048
51106.435984 -5.683 0.068
51109.472373 -5.992 0.019
51111.437500 -6.019 0.36
51111.477662 -6.007 0.086
51113.547731 -5.945 0.063
51118.432083 -5.844 0.055
51120.481030 -5.835 0.04
51131.497870 -5.45 0.518
51136.526806 -5.936 0.034
51141.342674 -5.931 0.028
51147.454086 -5.862 0.023
51156.269641 -5.987 0.027
51167.436169 -6.032 0.032
51171.398866 -6.002 0.016
51176.376528 -5.947 0.046
51180.460220 -5.894 0.042
51183.344514 -5.952 0.027
51188.242870 -5.995 0.04
51193.486921 -5.592 0.1
51204.533507 -6.181 0.043
51214.418900 -6.575 0.037
51223.508692 -5.613 0.043
51227.485104 -5.969 0.045
51237.249479 -5.969 0.028
51241.367650 -5.927 0.068
51246.421493 -6.024 0.022
51249.414722 -5.971 0.025
51262.217303 -6.02 0.028
51277.413403 -5.993 0.036
51279.417199 -6.0 0.021
51285.374456 -5.625 0.036
51286.381644 -5.852 0.039
51289.287627 -6.028 0.094
51292.278449 -5.988 0.026
51299.291690 -5.914 0.071
51302.279005 -5.766 0.034
51305.270359 -5.996 0.038
51308.256562 -6.034 0.027
51313.217130 -6.228 0.195
51317.261944 -5.829 0.031
51326.222442 -5.896 0.043
51339.212731 -5.963 0.067
51350.669850 -5.962 0.046
51364.193183 -5.863 0.119
51382.605521 -5.953 0.026
51389.617257 -5.979 0.083
51393.557442 -5.952 0.045
51401.545359 -5.583 0.044
51405.657141 -5.982 0.035
51408.601852 -6.012 0.036
51411.592847 -5.955 0.057
51414.526968 -5.858 0.029
51421.462396 -5.841 0.033
51424.478356 -5.971 0.036
51431.467130 -5.7 0.086
51433.593194 -5.97 0.032
51435.568542 -6.005 0.024
51440.429317 -5.98 0.035
51443.546042 -5.925 0.04
51450.408218 -6.005 0.059
51462.365278 -5.785 0.116
51463.537118 -5.926 0.037
51468.473854 -6.005 0.026
51471.379803 -5.87 0.029
51472.524039 -6.06 0.041
51478.357870 -5.54 0.051
51479.490509 -6.004 0.025
51484.263657 -5.979 0.036
51488.448588 -5.978 0.018
51491.480567 -5.717 0.049
51493.515324 -5.788 0.024
51495.492697 -5.962 0.037
51505.470833 -5.671 0.046
51510.444271 -5.991 0.019
51513.293056 -5.984 0.02
51514.451319 -6.036 0.03
51526.316157 -5.994 0.02
51531.401331 -6.009 0.043
51541.344537 -5.985 0.024
51546.325197 -5.997 0.027
