#Field Tile Seq RA(hour) Dec(deg) Filter mean_Mag med_Mag mean_(B-R) med_(B-R)
#1 3444 614 5.02878 -69.171 R -5.578 -5.614 -0.335 -0.348
#MJD Mag Err
48823.477419 -5.089 0.371
48823.487014 -5.726 0.181
48823.496759 -6.09 0.143
48824.458206 -5.751 0.073
48824.467697 -5.455 0.084
48824.477639 -5.561 0.076
48825.483183 -5.593 0.065
48825.492847 -5.732 0.061
48825.502824 -5.584 0.068
48826.464630 -5.66 0.106
48826.491319 -5.667 0.094
48828.585961 -5.037 0.132
48828.656701 -5.423 0.099
48829.456285 -5.431 0.06
48829.584769 -5.56 0.166
48829.659965 -5.73 0.084
48831.461817 -6.409 0.144
48831.564722 -5.755 0.088
48831.638970 -5.584 0.046
48831.661551 -5.786 0.076
48832.459769 -5.591 0.094
48832.651250 -5.648 0.079
48833.569375 -5.849 0.096
48834.430926 -5.638 0.064
48834.515544 -5.636 0.051
48834.639225 -5.642 0.041
48835.571053 -5.649 0.111
48835.606296 -5.748 0.085
48836.522002 -5.434 0.467
48836.564236 -5.733 0.196
48841.441516 -5.849 0.1
48841.541134 -5.719 0.044
48841.633623 -5.477 0.059
48842.458345 -5.385 0.195
48842.565046 -5.446 0.074
48842.632581 -5.253 0.078
48843.416875 -5.552 0.154
48843.562419 -5.117 0.129
48843.640150 -5.283 0.09
48849.583600 -5.759 0.077
48850.497442 -5.544 0.104
48851.481181 -5.722 0.097
48851.597650 -5.717 0.091
48853.645799 -5.643 0.068
48854.557338 -5.622 0.047
48855.527002 -5.686 0.042
48855.579722 -5.709 0.041
48856.609769 -5.477 0.053
48882.423356 -5.562 0.06
48884.469873 -5.614 0.054
48885.437280 -5.606 0.035
48887.500475 -5.689 0.087
48888.555648 -5.213 0.064
48892.592604 -5.58 0.056
48894.561655 -5.736 0.067
48895.587106 -5.698 0.04
48896.589398 -5.759 0.038
48906.407998 -5.281 0.082
48907.393912 -5.271 0.124
48908.278576 -5.432 0.033
48909.397350 -5.854 0.105
48914.578090 -5.682 0.076
48915.430718 -5.786 0.09
48916.516921 -5.659 0.053
48917.352616 -5.698 0.033
48919.355104 -5.529 0.039
48919.441273 -5.393 0.078
48919.516227 -5.248 0.086
48919.599155 -5.693 0.075
48920.286863 -5.521 0.056
48923.513403 -5.649 0.033
48927.261887 -5.621 0.056
48928.290602 -5.629 0.038
48929.238299 -5.637 0.057
48929.449583 -5.64 0.03
48930.241771 -5.849 0.084
48931.239676 -5.558 0.054
48931.425579 -5.719 0.032
48933.393738 -5.543 0.048
48935.397870 -5.574 0.129
48937.405069 -5.416 0.376
48937.415289 -6.139 0.209
48937.438310 -5.597 0.088
48938.280475 -5.526 0.055
48939.296157 -5.726 0.045
48939.460255 -5.665 0.053
48941.356863 -5.717 0.047
48941.482870 -5.695 0.047
48947.395671 -5.8 0.085
48947.518785 -5.58 0.094
48948.477627 -5.248 0.048
48949.293924 -5.549 0.034
48964.443623 -5.372 0.106
48965.279294 -5.524 0.11
48965.417766 -5.541 0.076
48966.282199 -5.333 0.084
48966.397812 -5.586 0.066
48974.325278 -5.464 0.139
48984.276250 -5.639 0.045
48985.303611 -5.678 0.033
48985.432188 -5.692 0.036
48987.291701 -5.628 0.026
48987.420023 -5.678 0.04
48988.279826 -5.606 0.043
48988.402917 -5.651 0.051
48988.421447 -5.676 0.051
48989.301412 -5.639 0.046
48989.407870 -5.378 0.18
48996.248657 -5.265 0.052
48996.362870 -5.498 0.053
48998.250903 -5.594 0.03
48998.360602 -5.62 0.035
49000.265278 -5.715 0.045
49001.253808 -5.602 0.036
49002.251262 -5.677 0.029
49003.347350 -5.688 0.045
49004.244248 -5.565 0.038
49006.260463 -5.647 0.026
49007.268877 -5.6 0.072
49010.352685 -5.286 0.028
49011.340336 -5.532 0.097
49015.254190 -5.651 0.043
49016.253032 -5.583 0.047
49018.277998 -5.638 0.035
49020.335648 -5.69 0.057
49021.282940 -5.59 0.045
49024.250046 -5.686 0.081
49025.282280 -5.164 0.082
49029.250660 -5.735 0.051
49031.271181 -5.68 0.076
49032.246528 -5.648 0.063
49037.232407 -5.641 0.023
49040.268785 -5.272 0.053
49043.248750 -5.56 0.032
49044.258819 -5.649 0.053
49045.232731 -5.611 0.031
49048.229363 -5.76 0.057
49049.245069 -5.718 0.071
49051.225023 -5.6 0.047
49059.226759 -5.604 0.027
49060.209271 -5.627 0.028
49061.212512 -5.623 0.031
49062.210440 -5.656 0.04
49067.204433 -5.65 0.045
49069.206516 -5.592 0.046
49073.203194 -5.671 0.051
49074.196262 -5.595 0.056
49075.188310 -5.688 0.055
49083.215868 -5.731 0.11
49134.663275 -5.698 0.065
49140.621620 -5.18 0.156
49141.622037 -5.391 0.141
49142.605845 -5.847 0.176
49143.606806 -5.604 0.139
49144.624734 -5.665 0.099
49145.607303 -5.657 0.297
49151.608009 -5.862 0.203
49152.604005 -5.566 0.066
49161.607766 -5.624 0.096
49162.580833 -5.649 0.104
49163.602130 -5.68 0.061
49163.615428 -5.64 0.052
49164.588530 -5.722 0.074
49165.565984 -5.701 0.098
49167.678912 -5.457 0.253
49169.604664 -5.269 0.105
49171.584884 -4.645 0.457
49178.587569 -5.648 0.055
49179.548056 -5.665 0.071
49180.515961 -5.544 0.065
49181.506146 -5.561 0.122
49181.661898 -5.581 0.034
49182.601771 -5.685 0.073
49183.495266 -5.605 0.19
49183.656319 -5.389 0.107
49184.488773 -5.558 0.093
49185.500185 -5.484 0.063
49186.510347 -5.371 0.16
49186.600104 -5.438 0.104
49188.483866 -5.5 0.093
49189.492315 -5.483 0.09
49194.506377 -5.698 0.074
49194.670336 -5.694 0.057
49195.455972 -5.687 0.073
49196.490359 -5.819 0.081
49199.517847 -5.54 0.082
49201.453681 -5.35 0.401
49203.474479 -5.515 0.093
49204.473090 -5.657 0.065
49208.461794 -5.638 0.104
49209.440972 -5.701 0.105
49210.459005 -5.645 0.072
49211.490463 -5.653 0.054
49212.603762 -6.029 0.143
49214.593079 -4.97 0.664
49215.431887 -5.661 0.178
49216.418785 -6.064 0.226
49217.427801 -5.207 0.049
49218.417963 -5.267 0.063
49219.434456 -5.605 0.152
49220.525185 -5.63 0.176
49221.414838 -5.552 0.09
49222.399861 -5.589 0.036
49223.401736 -5.548 0.06
49224.387338 -5.614 0.085
49225.607593 -5.679 0.05
49233.381319 -5.12 0.239
49233.412257 -5.169 0.197
49252.368484 -5.606 0.045
49253.374977 -5.633 0.061
49254.430914 -5.594 0.038
49255.348565 -5.645 0.065
49256.361285 -5.584 0.048
49257.357060 -5.618 0.031
49258.316123 -5.577 0.106
49258.536470 -5.516 0.038
49259.520359 -5.278 0.086
49260.341319 -5.637 0.061
49264.530856 -5.68 0.08
49265.316053 -5.43 0.096
49266.396713 -5.591 0.054
49267.412257 -5.723 0.073
49268.371898 -5.591 0.057
49269.411806 -5.811 0.079
49270.374954 -5.855 0.074
49272.406273 -5.626 0.035
49273.289282 -5.681 0.051
49276.557940 -5.534 0.036
49277.446852 -5.377 0.041
49279.537894 -5.635 0.056
49280.495324 -5.711 0.067
49282.344294 -5.589 0.041
49283.271343 -5.559 0.049
49285.468495 -5.691 0.112
49286.282083 -5.476 0.068
49287.361389 -5.581 0.052
49289.366065 -5.512 0.07
49290.569097 -5.388 0.118
49291.256968 -5.692 0.068
49302.360058 -5.633 0.033
49303.214641 -5.654 0.041
49307.291134 -5.373 0.037
49309.253981 -5.338 0.036
49311.303021 -5.535 0.064
49312.315012 -5.65 0.033
49313.270556 -5.662 0.058
49314.242569 -5.559 0.09
49315.268507 -5.583 0.042
49317.270243 -5.666 0.025
49318.402569 -5.634 0.083
49372.256748 -5.637 0.031
49375.265961 -5.654 0.052
49376.287199 -5.634 0.041
49378.241701 -5.556 0.093
49380.243715 -5.621 0.049
49386.266238 -5.635 0.046
49390.256655 -5.621 0.042
49398.232836 -5.151 0.037
49399.237361 -5.465 0.052
49400.256956 -5.642 0.063
49413.230787 -5.141 0.044
49414.246736 -5.47 0.042
49415.230278 -5.596 0.027
49416.222951 -5.616 0.026
49417.228715 -5.638 0.039
49423.211713 -5.67 0.082
49426.216516 -5.53 0.034
49432.217963 -5.65 0.042
49487.657442 -5.662 0.049
49488.648333 -5.69 0.223
49491.638252 -5.673 0.095
49493.632824 -5.529 0.274
49494.640451 -5.631 0.058
49496.634977 -5.616 0.171
49500.662118 -5.999 0.07
49511.603032 -5.552 0.144
49512.597743 -5.248 0.16
49513.642245 -5.494 0.053
49517.563102 -5.75 0.104
49518.574329 -5.745 0.117
49518.584155 -5.85 0.166
49520.580926 -5.646 0.159
49521.659954 -5.655 0.085
49522.590336 -5.68 0.059
49525.618044 -5.553 0.11
49530.650521 -5.555 0.08
49531.571065 -5.626 0.047
49532.643148 -5.591 0.042
49534.609757 -5.7 0.094
49535.666181 -5.631 0.035
49537.653044 -5.956 0.132
49538.613183 -5.777 0.082
49539.619271 -5.585 0.096
49540.600035 -5.575 0.091
49541.607407 -5.203 0.057
49545.505961 -5.549 0.072
49546.504340 -5.681 0.086
49546.664780 -5.683 0.048
49550.642002 -5.67 0.066
49551.620637 -5.621 0.03
49552.672813 -5.667 0.035
49553.463125 -5.788 0.117
49554.474803 -5.428 0.135
49554.670185 -5.487 0.077
49555.511400 -5.426 0.204
49555.650775 -5.167 0.178
49556.515694 -5.562 0.074
49556.652164 -5.34 0.075
49557.598368 -5.375 0.1
49558.548252 -5.337 0.177
49559.483356 -5.244 0.182
49559.660023 -5.598 0.043
49560.529965 -6.012 0.239
49560.669664 -5.994 0.202
49561.540579 -5.629 0.072
49562.571782 -5.58 0.05
49566.465613 -5.6 0.1
49566.651667 -5.623 0.035
49567.502662 -5.652 0.037
49567.658750 -5.659 0.038
49568.540208 -5.548 0.068
49568.655775 -5.738 0.084
49569.508345 -5.577 0.035
49569.658021 -5.481 0.045
49571.472593 -5.609 0.077
49571.659850 -5.418 0.139
49572.479294 -5.629 0.159
49572.492743 -5.401 0.143
49572.655312 -5.522 0.063
49573.470069 -5.398 0.081
49574.470880 -5.809 0.034
49574.506725 -5.332 0.032
49574.656053 -5.344 0.998
49577.450046 -5.646 0.072
49577.640810 -5.636 0.057
49578.462928 -5.61 0.048
49578.640104 -5.651 0.027
49579.471620 -5.604 0.035
49579.635313 -5.618 0.021
49580.427720 -5.612 0.043
49580.644201 -5.639 0.037
49581.477373 -5.631 0.084
49585.457824 -5.723 0.081
49586.463229 -5.706 0.128
49587.461227 -5.465 0.086
49588.497789 -5.291 0.069
49589.427639 -5.133 0.058
49589.501157 -5.496 0.036
49590.435660 -5.469 0.041
49591.458102 -5.548 0.05
49592.427187 -5.556 0.083
49595.463808 -5.693 0.052
49596.456875 -5.622 0.031
49597.525046 -5.653 0.029
49598.488704 -5.736 0.056
49599.492442 -5.667 0.068
49601.566019 -5.351 0.083
49602.448519 -5.463 0.051
49604.465787 -5.328 0.036
49605.454722 -5.537 0.033
49606.458333 -5.637 0.03
49607.334745 -5.507 0.177
49608.459375 -5.679 0.091
49609.485799 -5.724 0.06
49610.439560 -5.758 0.087
49611.445440 -5.764 0.159
49612.442604 -5.477 0.126
49613.617975 -5.565 0.06
49614.445602 -6.001 0.22
49616.469907 -5.578 0.062
49617.424745 -5.649 0.106
49618.422975 -5.427 0.093
49619.421725 -5.278 0.388
49620.455741 -5.58 0.032
49621.566123 -5.713 0.067
49622.454387 -5.802 0.11
49623.453935 -5.626 0.065
49624.619896 -5.651 0.078
49625.435903 -5.632 0.038
49627.442859 -5.618 0.058
49628.494780 -5.707 0.037
49629.496192 -5.696 0.074
49630.418403 -5.593 0.029
49633.364213 -5.413 0.048
49634.353623 -5.208 0.057
49635.423981 -5.552 0.056
49636.394769 -5.62 0.079
49637.476331 -5.592 0.029
49638.451065 -5.647 0.048
49639.399329 -5.616 0.029
49640.433588 -5.592 0.033
49641.543287 -5.645 0.026
49642.343148 -5.651 0.052
49645.324005 -5.57 0.091
49647.533079 -5.222 0.063
49648.334387 -5.485 0.048
49649.330694 -5.344 0.143
49651.453623 -5.638 0.043
49653.393981 -5.634 0.056
49654.359919 -5.682 0.079
49660.436725 -5.609 0.041
49664.478218 -5.354 0.066
49665.333646 -5.388 0.043
49666.287361 -5.417 0.05
49667.415822 -5.647 0.041
49670.306794 -5.727 0.052
49671.266678 -5.621 0.098
49672.243854 -5.572 0.062
49673.356007 -5.671 0.064
49674.490833 -5.656 0.094
49676.306979 -5.68 0.094
49681.291910 -5.471 0.033
49682.310359 -5.609 0.046
49687.295926 -5.616 0.155
49688.308090 -5.668 0.048
49689.372025 -5.664 0.037
49690.299375 -5.584 0.022
49691.344016 -5.61 0.019
49692.365949 -5.386 0.022
49693.317627 -5.435 0.025
49695.347037 -5.531 0.061
49696.342384 -5.611 0.031
49697.362593 -5.6 0.019
49698.467141 -5.603 0.038
49699.478530 -5.831 0.133
49700.309792 -5.71 0.112
49702.322581 -5.641 0.062
49703.392674 -5.689 0.059
49704.317535 -5.696 0.077
49705.381458 -5.74 0.062
49715.276400 -5.659 0.081
49723.303125 -5.386 0.04
49727.280833 -5.584 0.042
49883.671562 -5.212 0.098
49901.667627 -5.627 0.03
49905.641829 -5.596 0.043
49907.633657 -5.671 0.062
49912.645428 -5.149 0.163
49916.661736 -5.798 0.065
49917.610382 -5.649 0.069
49921.552639 -5.616 0.146
49927.471157 -5.779 0.071
49929.560000 -5.221 0.112
49931.629039 -5.645 0.07
49933.468576 -5.608 0.041
49935.583218 -5.689 0.067
49936.571076 -5.675 0.057
49937.586053 -5.592 0.113
49938.456979 -5.811 0.092
49939.483796 -5.601 0.054
49940.621991 -5.575 0.047
49941.465301 -5.53 0.058
49942.537986 -5.516 0.026
49943.530891 -5.32 0.047
49944.553102 -5.346 0.06
49945.536076 -5.461 0.156
49946.622500 -5.67 0.076
49947.625185 -5.633 0.021
49948.572234 -5.667 0.08
49949.429433 -5.599 0.058
49951.449595 -5.853 0.085
49952.529676 -5.615 0.031
49953.446400 -5.597 0.05
49954.534132 -5.701 0.082
49955.621678 -5.66 0.081
49957.399525 -5.629 0.033
49958.651366 -5.521 0.149
49961.412928 -5.363 0.069
49963.594375 -5.534 0.096
49965.458472 -5.784 0.147
49966.511157 -5.561 0.04
49967.406146 -5.629 0.061
49969.372153 -5.584 0.064
49970.369016 -5.583 0.075
49971.638762 -5.425 0.044
49972.382523 -5.616 0.05
49973.617662 -5.435 0.112
49974.585220 -5.37 0.043
49980.410174 -5.658 0.086
49982.345081 -5.612 0.065
49986.396597 -5.585 0.043
49987.355741 -5.557 0.03
49994.384502 -5.544 0.046
49994.591169 -5.621 0.039
49995.560822 -5.708 0.049
49996.418924 -5.616 0.043
49997.475694 -5.819 0.144
49998.499271 -5.605 0.044
50003.433958 -5.601 0.098
50005.414317 -5.244 0.031
50006.400417 -5.307 0.044
50007.482419 -5.625 0.06
50013.367569 -5.647 0.05
50015.336262 -3.481 6.909
50019.431563 -5.196 0.068
50021.427106 -5.543 0.061
50022.459444 -5.632 0.07
50029.303681 -5.83 0.103
50031.323218 -6.424 0.545
50031.341771 -5.623 0.151
50033.305185 -5.66 0.041
50038.379792 -5.632 0.021
50038.497442 -5.629 0.031
50044.288241 -5.788 0.092
50045.364687 -5.62 0.042
50046.350023 -5.683 0.063
50047.425162 -5.625 0.071
50048.404525 -5.348 0.054
50054.307326 -5.689 0.05
50057.329583 -5.615 0.121
50058.341435 -5.693 0.051
50061.340069 -5.76 0.042
50063.310532 -5.667 0.046
50066.343727 -5.415 0.031
50071.280058 -5.609 0.023
50072.342384 -5.7 0.063
50074.310822 -5.642 0.046
50077.381400 -5.562 0.019
50088.326250 -5.634 0.026
50089.320174 -5.652 0.032
50091.352442 -5.289 0.277
50091.397766 -5.609 0.025
50095.346123 -5.21 0.052
50105.323831 -5.636 0.047
50239.614225 -5.401 0.146
50263.606863 -5.731 0.073
50271.673738 -5.663 0.047
50276.586620 -5.747 0.039
50276.630868 -5.725 0.151
50278.531366 -5.601 0.062
50293.575972 -5.574 0.273
50296.587257 -5.69 0.08
50297.571493 -5.721 0.073
50300.485880 -5.778 0.125
50301.640856 -5.61 0.065
50302.494236 -5.305 0.109
50303.644375 -5.692 0.063
50304.540035 -5.637 0.062
50305.650058 -5.583 0.052
50307.474398 -5.632 0.067
50308.553322 -5.775 0.072
50310.596296 -5.634 0.043
50311.551829 -5.718 0.085
50315.522326 -5.352 0.04
50319.613287 -5.664 0.032
50320.650660 -5.62 0.084
50322.451262 -5.502 0.14
50327.576736 -5.813 0.096
50329.582963 -5.249 0.098
50333.468056 -5.498 0.074
50333.502755 -5.55 0.176
50335.508542 -5.621 0.039
50340.602083 -5.645 0.056
50341.470532 -5.635 0.058
50341.510822 -5.582 0.051
50346.553021 -5.51 0.094
50348.359016 -5.436 0.182
50349.473646 -5.535 0.04
50350.439861 -5.638 0.053
50352.399074 -5.658 0.109
50353.335069 -5.586 0.052
50359.408993 -5.599 0.028
50360.436030 -5.512 0.028
50364.327083 -5.516 0.08
50364.587326 -5.662 0.054
50366.428958 -5.628 0.031
50368.368183 -5.783 0.098
50369.388970 -5.599 0.021
50370.372407 -5.651 0.031
50371.355532 -5.603 0.026
50374.373229 -5.552 0.041
50376.353032 -5.482 0.09
50376.594803 -5.588 0.048
50377.381829 -5.223 0.033
50379.399294 -5.519 0.035
50380.354086 -5.405 0.123
50384.385729 -5.602 0.087
50385.436146 -5.634 0.061
50385.440567 -5.695 0.055
50389.284641 -5.595 0.04
50394.528287 -5.653 0.03
50395.369919 -5.586 0.03
50396.480567 -5.621 0.042
50397.426898 -5.713 0.063
50399.438160 -5.711 0.059
50401.424722 -5.622 0.054
50405.291933 -5.611 0.031
50406.291273 -5.513 0.029
50406.524664 -5.537 0.037
50407.324433 -5.338 0.061
50409.296065 -5.426 0.067
50410.372743 -5.668 0.051
50411.374387 -5.613 0.043
50416.480475 -5.649 0.064
50417.500150 -5.622 0.065
50419.286921 -5.634 0.071
50419.342755 -5.616 0.041
50420.339109 -5.573 0.031
50422.451030 -5.535 0.038
50424.297419 -5.514 0.049
50425.490440 -5.611 0.033
50426.336042 -5.611 0.025
50428.412616 -5.649 0.036
50429.480602 -5.633 0.077
50436.396134 -5.3 0.064
50437.320799 -5.278 0.066
50438.360868 -5.528 0.066
50451.391343 -5.19 0.033
50607.641435 -5.56 0.04
50614.629676 -5.612 0.088
50639.547373 -5.633 0.066
50642.505359 -5.37 0.062
50647.565370 -5.642 0.058
50650.479850 -5.556 0.362
50656.612465 -5.367 0.082
50659.485463 -5.38 0.035
50661.623356 -5.705 0.08
50669.503750 -5.62 0.035
50670.656597 -5.291 0.127
50675.471111 -5.763 0.231
50679.422627 -5.553 0.061
50680.600741 -5.591 0.036
50682.453773 -5.589 0.079
50684.616181 -5.548 0.221
50689.564086 -5.561 0.028
50701.557454 -5.361 0.029
50704.541470 -5.533 0.035
50714.465521 -5.637 0.038
50717.550937 -5.22 0.038
50719.490475 -5.384 0.054
50721.385764 -5.489 0.03
50722.513032 -5.595 0.048
50725.332940 -5.581 0.056
50730.411238 -5.63 0.021
50731.536539 -5.547 0.087
50733.405359 -5.31 0.088
50734.501377 -5.617 0.063
50736.366435 -5.516 0.199
50737.431053 -5.642 0.101
50739.340683 -5.655 0.109
50742.305613 -5.627 0.045
50744.511667 -5.66 0.042
50746.385914 -5.579 0.039
50748.359039 -5.391 0.073
50767.318912 -5.596 0.037
50769.392164 -5.666 0.04
50771.453843 -5.652 0.032
50775.478056 -5.52 0.1
50785.319896 -5.659 0.037
50796.309884 -5.382 0.057
50808.316435 -5.459 0.098
50812.365208 -5.646 0.029
50960.626308 -6.307 0.654
50973.558808 -5.741 0.229
50994.631030 -5.529 0.076
51000.587037 -5.475 0.05
51005.552847 -5.595 0.082
51017.536748 -5.674 0.053
51028.466447 -5.532 0.075
51033.648148 -5.627 0.049
51047.619815 -5.677 0.038
51051.538252 -5.652 0.046
51056.406933 -5.619 0.054
51061.467326 -5.549 0.073
51072.414873 -5.699 0.07
51073.585567 -5.162 0.071
51082.594711 -5.588 0.029
51085.362014 -5.719 0.08
51086.581412 -5.59 0.113
51089.466771 -5.338 0.11
51097.459722 -5.675 0.21
51099.576968 -5.588 0.167
51102.371123 -5.512 0.076
51106.435984 -5.416 0.095
51109.472373 -5.605 0.027
51111.437500 -6.243 0.286
51111.477662 -5.622 0.121
51113.547731 -5.659 0.08
51118.432083 -5.381 0.074
51120.481030 -5.482 0.054
51131.497870 -3.359 3.882
51136.526806 -5.572 0.049
51141.342674 -5.644 0.036
51147.454086 -5.561 0.027
51156.269641 -5.636 0.035
51183.344514 -5.595 0.032
51188.242870 -5.725 0.05
51350.669850 -5.638 0.055
51382.605521 -5.642 0.035
51389.617257 -5.634 0.099
51393.557442 -5.605 0.063
51401.545359 -5.225 0.061
51405.657141 -5.538 0.052
51408.601852 -5.646 0.052
51411.592847 -5.622 0.083
51414.526968 -5.537 0.037
51421.462396 -5.624 0.04
51424.478356 -5.661 0.044
51431.467130 -5.333 0.127
51433.593194 -5.652 0.04
51435.568542 -5.586 0.034
51440.429317 -5.635 0.05
51443.546042 -5.579 0.048
51450.408218 -5.534 0.099
51462.365278 -5.509 0.147
51463.537118 -5.597 0.049
51468.473854 -5.638 0.038
51471.379803 -5.608 0.033
51472.524039 -5.614 0.051
51478.357870 -5.217 0.075
51479.490509 -5.557 0.037
51484.263657 -5.64 0.052
51488.448588 -5.608 0.024
51491.480567 -5.418 0.065
51493.515324 -5.594 0.03
51495.492697 -5.737 0.045
51505.470833 -5.24 0.063
51510.444271 -5.652 0.024
51513.293056 -5.593 0.027
51514.451319 -5.708 0.04
51526.316157 -5.598 0.026
51541.344537 -5.626 0.03
